/*--------------------------------*- C++ -*----------------------------------*\
  =========                 |
  \\      /  F ield         | OpenFOAM: The Open Source CFD Toolbox
   \\    /   O peration     | Website:  https://openfoam.org
    \\  /    A nd           | Version:  dev
     \\/     M anipulation  |
\*---------------------------------------------------------------------------*/
FoamFile
{
    version     2.0;
    format      ascii;
    class       cellSet;
    location    "constant/polyMesh/sets";
    object      twoInternalFacesCells;
}
// * * * * * * * * * * * * * * * * * * * * * * * * * * * * * * * * * * * * * //


2745
(
606220 
16398 
65551 
65553 
442387 
1048596 
442388 
1032218 
442394 
442395 
442396 
65564 
442397 
65565 
65568 
65569 
671780 
278566 
16428 
1081390 
475185 
458814 
671814 
180297 
98377 
475210 
458836 
278615 
458846 
278623 
16483 
16484 
802917 
671846 
344174 
671861 
180345 
16506 
16526 
344214 
98458 
98464 
180387 
475304 
458920 
606384 
187 
344254 
191 
180416 
344260 
344261 
344262 
1048776 
688335 
639188 
1097946 
1097947 
458972 
262367 
262370 
262371 
671977 
344302 
344303 
344304 
344306 
180467 
459003 
1048828 
262403 
737540 
180486 
639241 
229641 
852241 
229649 
262418 
1065235 
1065237 
290 
262435 
229669 
229670 
229696 
16704 
524613 
328 
672080 
229718 
196961 
672120 
180603 
344446 
262530 
196995 
655759 
475545 
688540 
475559 
98732 
1147325 
639444 
639447 
16859 
639453 
639454 
639456 
639457 
197102 
262641 
1081846 
672247 
180750 
344592 
459300 
1098277 
1098280 
180777 
262712 
737850 
688702 
672323 
1098341 
1098348 
459376 
492148 
17012 
656001 
131715 
475780 
459396 
262831 
98993 
688820 
1065669 
197323 
99019 
656077 
656089 
656094 
262878 
1098465 
230117 
230118 
230125 
1000177 
1000179 
230132 
1000181 
230135 
230136 
1065724 
99070 
99076 
99077 
262930 
688925 
17181 
672543 
344863 
197418 
967469 
99124 
787256 
312121 
475964 
656215 
312151 
656219 
312157 
99165 
312158 
312159 
99167 
656226 
197474 
197502 
263039 
263040 
17280 
1098627 
1098628 
459658 
508825 
476057 
476058 
17306 
197532 
672670 
99239 
263080 
263081 
17333 
17345 
312261 
672723 
99283 
197604 
197617 
197626 
672763 
197627 
656387 
656393 
197644 
197645 
197648 
197649 
197656 
82973 
459826 
459827 
115766 
656444 
197695 
1098837 
1016921 
197723 
197725 
672862 
197735 
197737 
197738 
197739 
689287 
1066120 
640147 
640160 
640166 
476332 
672960 
640192 
296128 
672962 
738507 
656589 
640236 
460013 
1098996 
443659 
410893 
410894 
410912 
410940 
443710 
410945 
755027 
181597 
1033585 
820593 
411010 
476565 
755111 
1099184 
1099185 
1033652 
1050075 
443874 
1099273 
1066507 
1066508 
411207 
444001 
1635 
689777 
444019 
444020 
444025 
312954 
640637 
1050266 
837279 
444068 
444069 
673451 
1050284 
460477 
1001155 
657091 
444109 
444111 
444112 
460502 
444121 
444123 
444124 
460517 
460519 
460520 
1786 
1788 
673540 
476933 
198417 
1834 
689967 
1099571 
476985 
1083217 
690008 
1083225 
411483 
411484 
411485 
411486 
411494 
411495 
673640 
1099628 
460654 
477047 
247685 
460680 
1066899 
1948 
460705 
460715 
853936 
690106 
673740 
247765 
247766 
657370 
346085 
460793 
673789 
641034 
2071 
165916 
329760 
165924 
165925 
329767 
165932 
165933 
657457 
329781 
165945 
460867 
165960 
477260 
477261 
329809 
165972 
329826 
329831 
641130 
1034347 
460908 
460911 
67699 
329845 
166019 
67717 
657542 
329864 
329885 
460958 
673960 
1001661 
690366 
67775 
1099971 
67790 
461011 
313558 
690398 
641250 
624868 
624869 
641258 
641260 
231661 
1100020 
1067262 
624907 
166155 
461068 
18702 
313616 
198938 
477467 
198939 
198940 
641309 
624925 
657703 
690474 
624948 
624949 
198965 
1100087 
231743 
674120 
313673 
330061 
313688 
657759 
67935 
2402 
2403 
2404 
199015 
477545 
477546 
641388 
641389 
166258 
1100150 
657784 
690562 
199064 
231835 
1051041 
1051046 
68009 
68032 
625106 
657889 
641507 
68071 
68072 
68073 
789000 
166417 
690709 
166428 
2589 
84514 
625189 
166438 
674344 
84523 
84542 
330309 
2630 
84552 
330313 
2642 
84565 
641626 
84571 
281190 
674408 
477806 
330366 
84608 
674434 
84611 
84612 
674447 
166543 
461467 
641692 
166584 
625340 
84675 
166610 
641767 
789237 
166658 
330499 
461572 
625415 
166665 
166666 
84747 
641804 
166668 
166676 
166677 
330532 
199460 
199461 
84773 
199466 
1035052 
707373 
1100590 
199471 
84785 
199474 
199475 
674616 
330553 
330554 
461637 
330566 
461641 
330569 
330570 
445259 
330571 
494413 
330573 
461671 
461672 
461673 
641901 
674682 
445310 
658310 
461707 
445323 
68501 
641942 
461733 
445353 
625608 
625609 
84937 
363467 
625612 
445392 
658385 
625618 
445396 
625623 
1100760 
625625 
1051619 
461799 
642030 
756719 
445431 
642059 
1018917 
642092 
1002580 
1068118 
85092 
85103 
445559 
642169 
85123 
85124 
740493 
445601 
445605 
478374 
642236 
675013 
85190 
85194 
330959 
380118 
445655 
462045 
675051 
85237 
642298 
85245 
462091 
642319 
85276 
642357 
642360 
642364 
85311 
85312 
85317 
85319 
85320 
85321 
85322 
642412 
478623 
331170 
560558 
642486 
658877 
675279 
232917 
445921 
1101291 
675318 
1084938 
232972 
232973 
1068560 
1084946 
1101342 
806437 
658984 
658989 
396865 
691781 
675411 
478812 
396893 
691813 
675453 
659073 
1101447 
1052302 
642721 
675499 
642741 
446157 
478927 
691921 
675551 
593645 
593657 
593659 
691967 
691969 
593670 
659218 
151338 
642860 
446253 
692019 
642874 
692037 
593733 
397126 
659278 
446298 
659295 
593786 
593787 
675710 
675714 
1068931 
1052552 
659337 
1068988 
692158 
462785 
446408 
692184 
1003483 
1003486 
1036260 
1003523 
659462 
626705 
692254 
413739 
397360 
4151 
675906 
397399 
397400 
397402 
397403 
692318 
381036 
381038 
397429 
692342 
446594 
381058 
413828 
462998 
413859 
626854 
413862 
413874 
315599 
643288 
479465 
594154 
643307 
413963 
446735 
413974 
299292 
299293 
397598 
397599 
299296 
397602 
397606 
397607 
397608 
1102124 
102700 
299314 
1102140 
299324 
299327 
1020224 
414020 
414021 
299337 
692562 
381271 
299353 
299358 
151919 
151920 
627059 
414072 
151935 
528770 
299394 
299396 
151946 
1102222 
299411 
676246 
381347 
86436 
414121 
446895 
594365 
594366 
594371 
1003972 
594372 
594373 
1003974 
627142 
594374 
381385 
152020 
1004001 
643556 
1004005 
152043 
692725 
381429 
446969 
381436 
463359 
463360 
692743 
414218 
446996 
86553 
447004 
463410 
381490 
381491 
152117 
381502 
152126 
1053247 
660031 
381504 
381505 
938563 
381507 
381509 
643665 
152145 
463455 
135783 
1102445 
643700 
643701 
135797 
414328 
53880 
152188 
676492 
152208 
299665 
479890 
299670 
692894 
676510 
496287 
86693 
53927 
299688 
447149 
135859 
299731 
660188 
479972 
479973 
627434 
201450 
299756 
479981 
463602 
1069827 
414476 
54028 
135956 
463646 
463647 
643877 
299824 
332594 
136002 
201548 
643924 
447325 
136031 
332641 
643941 
627575 
136059 
201597 
299906 
299910 
299911 
447370 
299915 
299920 
299925 
299926 
136090 
332719 
676785 
168884 
676792 
54204 
676798 
54221 
54222 
1004496 
1004497 
627665 
54225 
332758 
480238 
1004528 
152560 
480244 
54261 
644086 
54262 
201724 
54269 
758782 
54273 
54274 
54281 
136207 
54290 
54291 
168985 
201758 
87073 
676899 
381997 
1102895 
136239 
644147 
136247 
1102905 
152635 
332862 
627777 
201793 
169030 
644167 
169032 
660554 
332883 
332885 
169046 
136282 
152670 
1037411 
447590 
169065 
152688 
152692 
87156 
152696 
644217 
332921 
152697 
627840 
152704 
627841 
152705 
169093 
169095 
1086601 
660622 
136355 
87204 
1103013 
1103014 
136359 
136360 
332971 
136363 
136364 
136365 
136366 
169138 
169139 
1053882 
644283 
87227 
660677 
136394 
447695 
627926 
627930 
677083 
660738 
480536 
120095 
693545 
677169 
677176 
169274 
660798 
660799 
693571 
333133 
169293 
693595 
169316 
447849 
447860 
644473 
333179 
333181 
660865 
693638 
136584 
660879 
87439 
693652 
1004958 
693666 
333223 
693686 
447929 
693691 
480714 
447966 
693729 
677347 
693741 
677357 
1103345 
1037809 
1103347 
693754 
366078 
87550 
1103359 
480777 
169486 
693775 
480786 
87572 
1037864 
87593 
1070637 
1087025 
677426 
677428 
677429 
661045 
366147 
644676 
1021510 
87628 
1021521 
300631 
415323 
644715 
366189 
87669 
87670 
480896 
693903 
677519 
87698 
693913 
644763 
87707 
661152 
677537 
480938 
644786 
366268 
661186 
87748 
87749 
366278 
628428 
366290 
366291 
218837 
218838 
677591 
382680 
857819 
382683 
218846 
366314 
87789 
169713 
382708 
382709 
218869 
481021 
661247 
366335 
366337 
628484 
628485 
382744 
382745 
218923 
382771 
382772 
137015 
218942 
366407 
366408 
694091 
710482 
481106 
382806 
382807 
382808 
644958 
366430 
87903 
137056 
661347 
366440 
677749 
694135 
399228 
481154 
677798 
595910 
481230 
595923 
399341 
399342 
88046 
366578 
645113 
645115 
137214 
481282 
595972 
661519 
399397 
333861 
694310 
1038376 
464939 
464942 
645173 
481335 
448574 
481364 
399444 
55399 
465002 
645238 
137337 
465026 
55427 
55428 
120965 
596103 
120968 
366730 
366731 
481423 
366739 
596116 
465053 
678046 
596138 
1104044 
137391 
465074 
694454 
121015 
137405 
465089 
661698 
465090 
399556 
88264 
366800 
366801 
366807 
366811 
366812 
170204 
366813 
366814 
465124 
497897 
481523 
137459 
137460 
1104121 
448769 
399618 
88328 
596236 
465181 
88372 
55606 
448824 
399672 
481594 
661822 
219461 
1104199 
1104202 
219466 
219467 
219468 
891215 
1104210 
1104212 
219476 
219477 
121180 
465245 
399726 
121199 
596352 
448896 
448898 
481673 
1104271 
1104272 
1005987 
465315 
121252 
481702 
678312 
137641 
154030 
481724 
121282 
1104323 
596420 
137668 
596424 
121288 
448973 
694734 
448974 
645585 
1104340 
645591 
1071583 
137704 
481773 
121327 
121328 
121329 
694771 
121346 
121349 
137735 
137736 
121358 
137744 
137745 
137746 
137747 
121363 
481812 
121364 
121365 
662040 
596509 
645667 
399911 
1104435 
449075 
678456 
285241 
121420 
596559 
1055314 
121426 
678488 
121440 
645747 
154236 
121475 
121476 
1104521 
1153677 
121494 
121495 
400027 
400028 
121500 
88732 
121501 
481960 
760490 
121529 
465597 
449225 
793291 
482000 
678609 
88787 
39640 
400090 
695007 
1088225 
695013 
1088232 
596723 
678654 
449280 
1104662 
596759 
88855 
596760 
695074 
695079 
318254 
465712 
482116 
383817 
56146 
400226 
646008 
482185 
383881 
449421 
383890 
662438 
383914 
449468 
400320 
170950 
760786 
367571 
646101 
121818 
809949 
383971 
400369 
482293 
154624 
121857 
564245 
384036 
482342 
482344 
121899 
56366 
449590 
678970 
678973 
154711 
154712 
154713 
646252 
302196 
433270 
679035 
449675 
433293 
433298 
433320 
433321 
302255 
302256 
302257 
433335 
1105081 
154809 
302269 
1105093 
449736 
466130 
646370 
302316 
466160 
482545 
679157 
154869 
89339 
302353 
302354 
662833 
449855 
1072453 
793937 
433491 
482648 
433497 
433498 
154973 
433502 
433508 
433509 
367975 
662904 
662914 
646548 
646557 
56745 
679339 
1007037 
302528 
1023455 
122342 
777709 
466414 
499183 
450032 
613891 
613892 
613904 
613907 
319001 
56859 
646690 
1105445 
679464 
482861 
155181 
122414 
1105463 
679479 
597562 
1105476 
646724 
613979 
974441 
614007 
482939 
450179 
56967 
56968 
450188 
450189 
466579 
614050 
466594 
482988 
40632 
188092 
466627 
138950 
188111 
188113 
319191 
876248 
220889 
319198 
466656 
188128 
57062 
384744 
155368 
1105643 
57069 
663281 
319223 
319225 
122621 
139008 
450313 
188171 
57112 
319258 
319259 
220962 
220963 
122659 
663337 
319273 
139049 
188203 
319276 
319278 
368431 
57142 
483134 
319298 
188227 
646986 
188235 
188237 
1072975 
319321 
319325 
483167 
663401 
319343 
155503 
319344 
679806 
302974 
679810 
647065 
647066 
466871 
450500 
1007569 
57298 
679894 
647126 
303063 
1056728 
647130 
647132 
614371 
679909 
122857 
450572 
385050 
106524 
155679 
139295 
155683 
532518 
106538 
106564 
352326 
467025 
122964 
155735 
155736 
122968 
57438 
106594 
1024106 
680045 
483437 
352365 
1024126 
352392 
123019 
123023 
680082 
106649 
385178 
352413 
188575 
614588 
450748 
614589 
106685 
614599 
123079 
614600 
106696 
106698 
614603 
106699 
614604 
139471 
106708 
450784 
450789 
352492 
106734 
467195 
106747 
483592 
680202 
352527 
385302 
188717 
106797 
319812 
319813 
106821 
319819 
303436 
188749 
319824 
368977 
319825 
319826 
74068 
188762 
483683 
188771 
467311 
450928 
1106295 
352638 
172414 
647563 
188813 
188815 
188817 
188822 
188824 
188825 
369052 
680350 
680378 
352705 
74180 
532936 
352718 
352719 
1106408 
385516 
647661 
352752 
1057273 
352763 
352764 
139782 
1008135 
1008137 
352790 
467485 
680479 
1057313 
188962 
680495 
352820 
107061 
1106494 
352830 
467520 
352832 
107076 
664133 
680520 
369224 
369227 
352845 
1106512 
107091 
352852 
369241 
1090149 
451192 
451193 
107132 
352893 
139908 
467591 
467592 
467593 
74378 
1041039 
352914 
352917 
647840 
451233 
1106597 
107176 
680620 
74419 
74420 
369333 
74423 
352954 
549576 
107214 
139984 
451288 
74458 
107227 
352989 
647909 
369385 
484078 
385776 
385778 
451317 
385786 
353022 
451328 
353024 
680705 
353029 
353034 
353035 
107276 
1106701 
74509 
74512 
353041 
74513 
369426 
353042 
107284 
107286 
369434 
140059 
107292 
107293 
369438 
107296 
107297 
385850 
353082 
369475 
369476 
467786 
680779 
369483 
107374 
74606 
107382 
664456 
74649 
648103 
140214 
484280 
123837 
74691 
1106887 
222169 
386012 
140259 
140260 
140261 
484328 
140264 
140265 
74758 
680970 
222222 
222223 
467989 
484377 
74779 
74780 
484385 
74790 
74792 
74796 
74798 
74799 
648240 
1008704 
681036 
451661 
386153 
468076 
1107063 
1057911 
1107070 
484500 
681109 
484513 
484517 
484521 
1074353 
664756 
468165 
648398 
320733 
320734 
337141 
320758 
468224 
320780 
1090838 
468252 
1107236 
124211 
124213 
320827 
189772 
124239 
124240 
664913 
189777 
320856 
648547 
1025382 
189798 
681321 
320874 
189804 
796022 
189823 
320897 
320919 
320921 
1107363 
189859 
681407 
468418 
468424 
189901 
435670 
452063 
468453 
665082 
124430 
435729 
435731 
1107476 
435732 
1107479 
75290 
878118 
321066 
435780 
435781 
435788 
435789 
665166 
468595 
435831 
435832 
1009277 
452231 
190090 
42634 
648851 
1074839 
108196 
124584 
108207 
42671 
124595 
681663 
124608 
190158 
665305 
1058531 
665325 
108279 
124680 
124681 
468747 
321296 
468758 
468760 
321304 
321307 
468765 
321318 
1107765 
550717 
452416 
1107784 
468810 
468821 
321366 
124764 
124789 
321404 
288637 
501634 
468866 
468873 
436110 
681872 
288669 
468894 
321439 
649123 
649128 
124845 
124849 
747444 
681915 
288699 
288700 
452541 
665535 
321472 
681936 
321490 
321491 
468948 
108504 
468954 
681950 
321502 
321505 
321506 
321507 
321508 
649195 
42992 
468978 
649209 
157689 
354317 
43027 
43028 
108567 
75805 
1042463 
354336 
616489 
43049 
43051 
75820 
108590 
43055 
288819 
436279 
288823 
649273 
75838 
43070 
75852 
1075279 
452695 
665693 
75894 
108663 
190586 
649349 
682119 
288906 
469135 
354456 
288920 
501918 
452773 
75945 
75950 
682161 
125113 
288957 
75973 
108742 
813257 
75981 
43215 
43225 
616668 
43234 
665830 
43238 
665831 
43239 
43241 
665834 
289004 
289006 
649459 
616709 
289030 
452892 
157982 
616735 
289060 
289063 
289065 
76075 
289072 
289074 
665909 
682294 
1108279 
289079 
289080 
682298 
665915 
682300 
289084 
289088 
289089 
289090 
665933 
665939 
469331 
108889 
452954 
567646 
649572 
321892 
1108353 
190853 
682386 
780692 
666020 
666033 
1059260 
682434 
616910 
616928 
649729 
616967 
616968 
666131 
616979 
616980 
649749 
649754 
469575 
1108564 
649820 
1108583 
191092 
469626 
109188 
322186 
469648 
748182 
1108637 
518813 
1108639 
682661 
109233 
1108674 
649925 
76498 
289493 
76504 
76505 
76506 
76507 
1043164 
76508 
617187 
191208 
666346 
1043183 
1043184 
682737 
469748 
649981 
109315 
649996 
469776 
1108790 
355134 
682834 
191321 
650081 
355170 
43880 
289642 
109438 
355200 
207744 
469889 
338819 
207772 
207773 
207775 
1059755 
1108908 
617391 
109487 
355260 
1059791 
469980 
682978 
109542 
109544 
355329 
207877 
355341 
650261 
453655 
453656 
453661 
617503 
879648 
207905 
1076269 
355377 
666674 
683063 
109646 
650358 
650359 
109689 
470140 
191617 
355481 
191651 
191661 
109741 
191662 
109742 
191663 
666814 
666820 
1043665 
683244 
355570 
1092855 
290044 
290055 
470296 
290078 
77100 
1011003 
306498 
290119 
109897 
830813 
44414 
208255 
208261 
208263 
208265 
208267 
208268 
355735 
44450 
44488 
667089 
355794 
355798 
650718 
667104 
355850 
355851 
470540 
28204 
28209 
667220 
28245 
1093207 
192107 
28287 
44679 
28300 
323237 
650918 
110251 
28343 
667332 
93898 
667344 
470756 
421607 
421613 
28405 
421626 
667406 
323346 
110355 
421662 
667432 
470847 
667470 
470863 
651094 
651095 
470877 
44895 
339824 
323445 
323446 
470920 
651157 
651159 
421785 
667554 
651207 
651223 
290794 
323565 
471027 
684041 
667662 
323630 
323631 
1044528 
110642 
1044531 
323638 
110654 
28736 
684101 
290891 
28755 
110681 
1060955 
323677 
1060959 
471159 
290941 
651390 
667787 
28815 
422042 
520351 
290983 
323786 
520403 
274647 
684256 
274657 
274658 
274665 
471278 
274674 
471283 
291065 
274683 
323836 
274684 
274691 
274706 
291095 
651557 
323879 
323883 
831794 
651572 
274741 
274745 
1093946 
274747 
28988 
28989 
29000 
29001 
454987 
274764 
29004 
29005 
323931 
78171 
127365 
471434 
323982 
323983 
668049 
471446 
651682 
831912 
45501 
324035 
324038 
422345 
209359 
209360 
422353 
209361 
422354 
274898 
422355 
78291 
422363 
422364 
291295 
504290 
733671 
651759 
143873 
455175 
1077770 
651791 
78365 
78369 
78392 
471621 
471624 
78411 
455264 
651873 
275047 
275052 
668269 
668271 
78455 
275068 
684681 
471692 
471696 
471697 
668314 
275098 
78505 
78506 
1061548 
1061556 
455358 
455360 
455368 
275153 
651989 
668379 
45789 
471780 
275183 
455409 
291587 
275206 
684825 
471834 
455452 
455460 
275239 
160551 
45863 
684847 
275252 
275254 
291640 
291643 
275260 
275262 
275265 
275269 
275271 
652117 
668527 
78722 
455557 
78725 
45992 
455593 
78762 
78763 
455596 
78764 
455599 
471992 
193474 
46045 
455650 
455651 
455659 
652269 
177158 
1045521 
1078307 
734244 
111670 
1078328 
1078329 
1078336 
1078340 
668740 
46148 
46159 
668752 
46160 
472154 
455778 
472189 
259199 
472195 
259203 
259205 
668806 
259207 
472203 
341135 
259216 
259217 
177299 
652436 
78996 
177302 
341145 
619674 
46243 
341164 
652465 
259254 
259259 
259260 
177340 
46275 
79044 
341198 
668900 
423150 
472304 
1062133 
341240 
423175 
603403 
603404 
79128 
177435 
341278 
341279 
1094950 
1094951 
603431 
603432 
1094957 
603438 
1094959 
603439 
341296 
341297 
341299 
603447 
341306 
603458 
341314 
603470 
603473 
95569 
603474 
603475 
652629 
685398 
13656 
718170 
177501 
177502 
177503 
177504 
341345 
13667 
177519 
13679 
177520 
472450 
1095058 
669082 
95644 
1045944 
177597 
652737 
685515 
685516 
177625 
177626 
177627 
341474 
177640 
177642 
177643 
13809 
669186 
652804 
1046043 
472604 
652831 
128552 
669254 
472646 
652875 
95851 
669296 
95856 
472699 
341628 
652929 
13961 
13962 
652940 
13971 
13972 
13973 
13975 
669336 
898727 
472748 
341678 
341684 
456376 
341695 
1095375 
685787 
653053 
96007 
341789 
456482 
177954 
243496 
243500 
96046 
243511 
96056 
341825 
243524 
472921 
341850 
96115 
751476 
243573 
341884 
96124 
243586 
472968 
341896 
341897 
96139 
341902 
341903 
96143 
341905 
472978 
341907 
423830 
1046423 
423831 
653208 
14232 
1046425 
718749 
653215 
1095584 
96163 
96164 
325550 
505776 
473014 
686007 
473017 
96192 
702401 
456641 
96193 
96211 
96215 
260060 
473062 
473066 
423915 
1095666 
1095674 
96255 
456711 
96291 
784422 
423985 
129086 
473160 
96328 
473166 
456786 
96341 
96342 
96351 
96353 
96356 
653414 
96359 
276589 
342137 
489604 
178318 
358544 
473249 
276642 
669862 
653524 
1095896 
260313 
276700 
276701 
424159 
882925 
14576 
260343 
260346 
473341 
456959 
260370 
456981 
260373 
456989 
260389 
456998 
96561 
457025 
457049 
457050 
653665 
457059 
211314 
457096 
457108 
260501 
1096086 
1096090 
604572 
211357 
670110 
211358 
260514 
457131 
457132 
473523 
670138 
457155 
670150 
260557 
260562 
260564 
260567 
260572 
260574 
260577 
260578 
686563 
686565 
457195 
686572 
276984 
1096193 
670219 
670232 
473630 
457251 
539183 
506419 
1079869 
1079873 
244310 
244312 
244314 
244315 
1079900 
244316 
473693 
244317 
1079904 
473704 
653931 
1096310 
1047158 
473729 
539294 
670387 
686799 
670420 
785130 
473838 
670462 
686849 
768786 
473876 
1047336 
1096501 
31548 
31551 
31552 
31553 
949071 
1063777 
670568 
424812 
768884 
654199 
686990 
686992 
31656 
1096617 
474030 
457704 
670704 
474102 
310264 
605192 
310292 
687145 
687146 
687147 
670785 
31813 
425031 
670792 
310344 
425035 
310347 
97391 
31860 
31861 
654458 
687228 
310402 
31875 
97419 
457884 
310434 
605349 
310461 
670933 
654549 
670935 
670939 
605407 
277727 
687328 
670945 
97505 
605423 
605424 
310514 
310516 
310523 
425212 
425215 
425216 
310528 
474390 
310550 
687389 
687393 
32035 
1064247 
310583 
425272 
310584 
1064261 
1097031 
310612 
605525 
310614 
769382 
458086 
474476 
97650 
687478 
277887 
1097088 
687488 
310659 
753037 
64912 
277917 
310689 
1097152 
458179 
654814 
425445 
1048050 
654839 
278029 
671252 
687637 
310810 
343593 
97835 
97838 
474684 
343614 
310847 
278079 
1080901 
278085 
310854 
278093 
310888 
179820 
32369 
278134 
97915 
97916 
605844 
32411 
605856 
655016 
310958 
278191 
310963 
310968 
310973 
310974 
310975 
16064 
16065 
310978 
474823 
655049 
605898 
458444 
343760 
179926 
343774 
65255 
179944 
605950 
278274 
474883 
687887 
1064733 
474909 
474910 
474911 
1064736 
671524 
458532 
98086 
98087 
1097512 
671533 
16174 
180019 
65332 
343883 
65359 
458576 
671576 
180069 
65381 
98150 
474984 
180072 
180073 
474986 
180075 
245618 
245619 
180083 
638836 
245620 
180084 
65400 
475001 
65401 
475004 
638849 
16259 
606088 
65416 
458635 
180111 
638865 
638866 
180122 
458653 
278429 
458654 
442276 
638886 
442279 
442280 
671662 
671664 
606134 
442295 
606136 
442297 
442298 
180156 
638915 
1097669 
458703 
671705 
475099 
606176 
1032164 
638948 
475110 
1032167 
344053 
)

// ************************************************************************* //
